{
 "cells": [
  {
   "cell_type": "code",
   "execution_count": 1,
   "id": "e5b4a2a5-b69e-4e99-8269-4769197b4612",
   "metadata": {},
   "outputs": [],
   "source": [
    "import numpy as np"
   ]
  },
  {
   "cell_type": "code",
   "execution_count": 83,
   "id": "9c9a9de3-fc1d-405a-a367-a2c130be7b8e",
   "metadata": {},
   "outputs": [],
   "source": [
    "n = 20\n",
    "d = 20"
   ]
  },
  {
   "cell_type": "code",
   "execution_count": 94,
   "id": "15a327a7-38d9-45ea-bd1e-c7f6c0b7bbbb",
   "metadata": {},
   "outputs": [],
   "source": [
    "x = np.random.randn(n, d)\n",
    "y = np.random.randn(n, 1)\n",
    "lbd = 0.1\n",
    "tmp = np.linalg.inv(x.T @ x + lbd * np.eye(d)) \n",
    "theta = tmp @ x.T @ y\n",
    "H_l_inv = 0.5 * tmp"
   ]
  },
  {
   "cell_type": "code",
   "execution_count": 95,
   "id": "be905e1b-5e56-4823-ba40-0880efea2f9a",
   "metadata": {},
   "outputs": [],
   "source": [
    "H_l_list = [] \n",
    "for i in range(n):\n",
    "    cur_value = 2 * (x[i] @ x[i].T) + 2 * lbd / n * np.eye(d)\n",
    "    H_l_list.append(cur_value)"
   ]
  },
  {
   "cell_type": "code",
   "execution_count": 96,
   "id": "824227c7-f8b9-4484-a4e9-f24b6eff0dcc",
   "metadata": {},
   "outputs": [],
   "source": [
    "g_list = []\n",
    "for j in range(n):\n",
    "    cur_value = 2 * (x[j] @ theta - y[j]) * x[j] + 2 * lbd / n * theta.squeeze()\n",
    "    g_list.append(cur_value)"
   ]
  },
  {
   "cell_type": "code",
   "execution_count": 97,
   "id": "4ab78ed4-0d49-4582-a556-1182c37f7537",
   "metadata": {},
   "outputs": [],
   "source": [
    "p_1 = p_2 = 2 * (x.T @ x @ theta - x.T @ y)"
   ]
  },
  {
   "cell_type": "code",
   "execution_count": 98,
   "id": "299cac3d-03a0-48dd-b80a-9c0b216f99c6",
   "metadata": {},
   "outputs": [],
   "source": [
    "h_1 = h_2 = x.T @ x"
   ]
  },
  {
   "cell_type": "code",
   "execution_count": 99,
   "id": "75363173-00c4-4196-be70-683fe377dac5",
   "metadata": {},
   "outputs": [],
   "source": [
    "pm_list = []\n",
    "for j in range(n):\n",
    "    cur_value = (2 * (x[j] @ theta - y[j]) * x[j]).reshape(d, 1)\n",
    "    pm_list.append(cur_value)"
   ]
  },
  {
   "cell_type": "code",
   "execution_count": 100,
   "id": "1b8d00e8-5acc-47a0-9a96-dbd04e42de1e",
   "metadata": {},
   "outputs": [
    {
     "name": "stderr",
     "output_type": "stream",
     "text": [
      "/tmp/ipykernel_3383685/478985606.py:11: DeprecationWarning: Conversion of an array with ndim > 0 to a scalar is deprecated, and will error in future. Ensure you extract a single element from your array before performing this operation. (Deprecated NumPy 1.25.)\n",
      "  T[i][j] = term1 + term2 + term3 + term4\n"
     ]
    }
   ],
   "source": [
    "T = np.zeros((n, n))\n",
    "\n",
    "for i in range(n):\n",
    "    for j in range(n):\n",
    "        if i == j: continue\n",
    "        term1 = - g_list[j] @ (H_l_inv @ H_l_list[i] @ H_l_inv @ p_1)\n",
    "        term2 = - g_list[i] @ (H_l_inv @ H_l_list[j] @ H_l_inv @ p_1)\n",
    "        term3 = 0\n",
    "        # term3 = - g_list[i] @ (H_l_inv @ pm_list[j])\n",
    "        term4 = g_list[i] @ H_l_inv @ h_1 @ H_l_inv @ g_list[j]\n",
    "        T[i][j] = term1 + term2 + term3 + term4\n",
    "        "
   ]
  },
  {
   "cell_type": "code",
   "execution_count": 101,
   "id": "12d4b5eb-fb0f-43de-8772-785fe08b5c79",
   "metadata": {},
   "outputs": [
    {
     "data": {
      "text/plain": [
       "array([[ 0.00000000e+00, -5.11068149e+00, -4.63738672e+00,\n",
       "        -1.63820571e+01, -1.11711908e+01,  6.95802382e+00,\n",
       "        -9.55904115e-01, -9.83686784e+00, -8.69715276e+00,\n",
       "         2.14863789e+00, -4.50152537e+00, -5.39802921e+00,\n",
       "        -2.14068874e+01, -8.48368940e+00, -1.38121136e+01,\n",
       "        -3.78240416e+00, -1.13606466e+01, -8.47792446e+00,\n",
       "        -5.28543688e+00, -6.87626393e+00],\n",
       "       [-5.11068149e+00,  0.00000000e+00,  1.67088930e+01,\n",
       "        -1.03238287e+00,  1.01742209e+01,  2.43595124e+01,\n",
       "         1.71704997e+01,  1.23789669e+01,  2.32141750e+00,\n",
       "         1.28985436e+01,  7.90804971e+00,  9.54223351e+00,\n",
       "        -8.04632286e+00,  3.33011402e+00, -1.24128632e+01,\n",
       "         8.63902455e+00,  9.42004237e-01, -5.58164449e-01,\n",
       "         5.68559217e+00,  1.06992139e+01],\n",
       "       [-4.63738672e+00,  1.67088930e+01,  0.00000000e+00,\n",
       "        -1.36467222e+00,  7.98153988e+00,  2.01667252e+01,\n",
       "         1.40330765e+01,  9.82890739e+00,  1.62321460e+00,\n",
       "         1.06303821e+01,  6.33523202e+00,  7.64541812e+00,\n",
       "        -7.26786607e+00,  2.45963641e+00, -1.06012044e+01,\n",
       "         6.95588368e+00,  4.12633631e-01, -7.24673675e-01,\n",
       "         4.49024331e+00,  8.54657846e+00],\n",
       "       [-1.63820571e+01, -1.03238287e+00, -1.36467222e+00,\n",
       "         0.00000000e+00, -9.96384485e+00,  1.29914965e+01,\n",
       "         2.74400886e+00, -8.01514824e+00, -8.96292080e+00,\n",
       "         5.19507875e+00, -3.17312734e+00, -3.79133512e+00,\n",
       "        -2.51317283e+01, -8.52818462e+00, -1.78230749e+01,\n",
       "        -2.22578135e+00, -1.21909255e+01, -9.37643985e+00,\n",
       "        -4.51931593e+00, -5.15279563e+00],\n",
       "       [-1.11711908e+01,  1.01742209e+01,  7.98153988e+00,\n",
       "        -9.96384485e+00,  0.00000000e+00,  1.94351011e+01,\n",
       "         1.03557910e+01,  2.26284759e+00, -3.44874669e+00,\n",
       "         9.41348054e+00,  2.45963371e+00,  2.98807825e+00,\n",
       "        -1.72593066e+01, -2.70730102e+00, -1.57302322e+01,\n",
       "         3.33353232e+00, -5.85426511e+00, -5.16970935e+00,\n",
       "         6.04231678e-01,  2.87963282e+00],\n",
       "       [ 6.95802382e+00,  2.43595124e+01,  2.01667252e+01,\n",
       "         1.29914965e+01,  1.94351011e+01,  0.00000000e+00,\n",
       "         1.74845549e+01,  2.04300528e+01,  9.64463173e+00,\n",
       "         1.06762256e+01,  1.15271378e+01,  1.38759419e+01,\n",
       "         1.04643751e+01,  1.04848299e+01, -2.44424335e-01,\n",
       "         1.16196606e+01,  1.06178779e+01,  6.70097457e+00,\n",
       "         1.00363076e+01,  1.62686893e+01],\n",
       "       [-9.55904115e-01,  1.71704997e+01,  1.40330765e+01,\n",
       "         2.74400886e+00,  1.03557910e+01,  1.74845549e+01,\n",
       "         0.00000000e+00,  1.17849042e+01,  3.68909345e+00,\n",
       "         9.59301822e+00,  7.14310661e+00,  8.61117040e+00,\n",
       "        -1.63934616e+00,  4.43556850e+00, -6.68571282e+00,\n",
       "         7.55727011e+00,  3.19530355e+00,  1.40206705e+00,\n",
       "         5.57955417e+00,  9.83417071e+00],\n",
       "       [-9.83686784e+00,  1.23789669e+01,  9.82890739e+00,\n",
       "        -8.01514824e+00,  2.26284759e+00,  2.04300528e+01,\n",
       "         1.17849042e+01,  0.00000000e+00, -2.20110797e+00,\n",
       "         1.01326173e+01,  3.62073016e+00,  4.38500773e+00,\n",
       "        -1.52321312e+01, -1.40448818e+00, -1.49699680e+01,\n",
       "         4.46183611e+00, -4.37921224e+00, -4.16522063e+00,\n",
       "         1.69246267e+00,  4.54816965e+00],\n",
       "       [-8.69715276e+00,  2.32141750e+00,  1.62321460e+00,\n",
       "        -8.96292080e+00, -3.44874669e+00,  9.64463173e+00,\n",
       "         3.68909345e+00, -2.20110797e+00,  0.00000000e+00,\n",
       "         4.29422603e+00, -4.58838636e-01, -5.38963945e-01,\n",
       "        -1.33530717e+01, -3.69497553e+00, -1.03813068e+01,\n",
       "         1.02766798e-01, -5.81173749e+00, -4.64370153e+00,\n",
       "        -1.42170375e+00, -1.03764655e+00],\n",
       "       [ 2.14863789e+00,  1.28985436e+01,  1.06303821e+01,\n",
       "         5.19507875e+00,  9.41348054e+00,  1.06762256e+01,\n",
       "         9.59301822e+00,  1.01326173e+01,  4.29422603e+00,\n",
       "         0.00000000e+00,  5.84719254e+00,  7.04153128e+00,\n",
       "         3.17970213e+00,  4.77894500e+00, -1.83539732e+00,\n",
       "         5.98665109e+00,  4.49921373e+00,  2.68054633e+00,\n",
       "         4.92364178e+00,  8.18674238e+00],\n",
       "       [-4.50152537e+00,  7.90804971e+00,  6.33523202e+00,\n",
       "        -3.17312734e+00,  2.45963371e+00,  1.15271378e+01,\n",
       "         7.14310661e+00,  3.62073016e+00, -4.58838636e-01,\n",
       "         5.84719254e+00,  0.00000000e+00,  3.15719670e+00,\n",
       "        -6.99293688e+00,  5.99198917e-04, -7.58421399e+00,\n",
       "         3.04359224e+00, -1.49478865e+00, -1.65092773e+00,\n",
       "         1.53632133e+00,  3.40147683e+00],\n",
       "       [-5.39802921e+00,  9.54223351e+00,  7.64541812e+00,\n",
       "        -3.79133512e+00,  2.98807825e+00,  1.38759419e+01,\n",
       "         8.61117040e+00,  4.38500773e+00, -5.38963945e-01,\n",
       "         7.04153128e+00,  3.15719670e+00,  0.00000000e+00,\n",
       "        -8.38491369e+00,  1.81528346e-02, -9.11435295e+00,\n",
       "         3.67583051e+00, -1.77881244e+00, -1.97287388e+00,\n",
       "         1.86157202e+00,  4.11407133e+00],\n",
       "       [-2.14068874e+01, -8.04632286e+00, -7.26786607e+00,\n",
       "        -2.51317283e+01, -1.72593066e+01,  1.04643751e+01,\n",
       "        -1.63934616e+00, -1.52321312e+01, -1.33530717e+01,\n",
       "         3.17970213e+00, -6.99293688e+00, -8.38491369e+00,\n",
       "         0.00000000e+00, -1.30627972e+01, -2.10923341e+01,\n",
       "        -5.89117037e+00, -1.74553380e+01, -1.30125423e+01,\n",
       "        -8.17291893e+00, -1.06681538e+01],\n",
       "       [-8.48368940e+00,  3.33011402e+00,  2.45963641e+00,\n",
       "        -8.52818462e+00, -2.70730102e+00,  1.04848299e+01,\n",
       "         4.43556850e+00, -1.40448818e+00, -3.69497553e+00,\n",
       "         4.77894500e+00,  5.99198917e-04,  1.81528346e-02,\n",
       "        -1.30627972e+01,  0.00000000e+00, -1.04986910e+01,\n",
       "         5.73345236e-01, -5.44091821e+00, -4.42095598e+00,\n",
       "        -1.02907253e+00, -3.95770103e-01],\n",
       "       [-1.38121136e+01, -1.24128632e+01, -1.06012044e+01,\n",
       "        -1.78230749e+01, -1.57302322e+01, -2.44424335e-01,\n",
       "        -6.68571282e+00, -1.49699680e+01, -1.03813068e+01,\n",
       "        -1.83539732e+00, -7.58421399e+00, -9.11435295e+00,\n",
       "        -2.10923341e+01, -1.04986910e+01,  0.00000000e+00,\n",
       "        -7.02324155e+00, -1.29037617e+01, -9.21508835e+00,\n",
       "        -7.72459266e+00, -1.11351071e+01],\n",
       "       [-3.78240416e+00,  8.63902455e+00,  6.95588368e+00,\n",
       "        -2.22578135e+00,  3.33353232e+00,  1.16196606e+01,\n",
       "         7.55727011e+00,  4.46183611e+00,  1.02766798e-01,\n",
       "         5.98665109e+00,  3.04359224e+00,  3.67583051e+00,\n",
       "        -5.89117037e+00,  5.73345236e-01, -7.02324155e+00,\n",
       "         0.00000000e+00, -8.01536098e-01, -1.15981290e+00,\n",
       "         1.96788391e+00,  4.03187500e+00],\n",
       "       [-1.13606466e+01,  9.42004237e-01,  4.12633631e-01,\n",
       "        -1.21909255e+01, -5.85426511e+00,  1.06178779e+01,\n",
       "         3.19530355e+00, -4.37921224e+00, -5.81173749e+00,\n",
       "         4.49921373e+00, -1.49478865e+00, -1.77881244e+00,\n",
       "        -1.74553380e+01, -5.44091821e+00, -1.29037617e+01,\n",
       "        -8.01536098e-01,  0.00000000e+00, -6.31667581e+00,\n",
       "        -2.57005192e+00, -2.59715354e+00],\n",
       "       [-8.47792446e+00, -5.58164449e-01, -7.24673675e-01,\n",
       "        -9.37643985e+00, -5.16970935e+00,  6.70097457e+00,\n",
       "         1.40206705e+00, -4.16522063e+00, -4.64370153e+00,\n",
       "         2.68054633e+00, -1.65092773e+00, -1.97287388e+00,\n",
       "        -1.30125423e+01, -4.42095598e+00, -9.21508835e+00,\n",
       "        -1.15981290e+00, -6.31667581e+00,  0.00000000e+00,\n",
       "        -2.34502390e+00, -2.67977557e+00],\n",
       "       [-5.28543688e+00,  5.68559217e+00,  4.49024331e+00,\n",
       "        -4.51931593e+00,  6.04231678e-01,  1.00363076e+01,\n",
       "         5.57955417e+00,  1.69246267e+00, -1.42170375e+00,\n",
       "         4.92364178e+00,  1.53632133e+00,  1.86157202e+00,\n",
       "        -8.17291893e+00, -1.02907253e+00, -7.72459266e+00,\n",
       "         1.96788391e+00, -2.57005192e+00, -2.34502390e+00,\n",
       "         0.00000000e+00,  1.87715795e+00],\n",
       "       [-6.87626393e+00,  1.06992139e+01,  8.54657846e+00,\n",
       "        -5.15279563e+00,  2.87963282e+00,  1.62686893e+01,\n",
       "         9.83417071e+00,  4.54816965e+00, -1.03764655e+00,\n",
       "         8.18674238e+00,  3.40147683e+00,  4.11407133e+00,\n",
       "        -1.06681538e+01, -3.95770103e-01, -1.11351071e+01,\n",
       "         4.03187500e+00, -2.59715354e+00, -2.67977557e+00,\n",
       "         1.87715795e+00,  0.00000000e+00]])"
      ]
     },
     "execution_count": 101,
     "metadata": {},
     "output_type": "execute_result"
    }
   ],
   "source": [
    "T"
   ]
  },
  {
   "cell_type": "code",
   "execution_count": null,
   "id": "f833e227-8d42-4d8e-9a20-6412d6c87ed5",
   "metadata": {},
   "outputs": [],
   "source": []
  },
  {
   "cell_type": "code",
   "execution_count": null,
   "id": "c1126531-7e13-4cc5-85ea-e991b14f045f",
   "metadata": {},
   "outputs": [],
   "source": []
  }
 ],
 "metadata": {
  "kernelspec": {
   "display_name": "Python 3 (ipykernel)",
   "language": "python",
   "name": "python3"
  },
  "language_info": {
   "codemirror_mode": {
    "name": "ipython",
    "version": 3
   },
   "file_extension": ".py",
   "mimetype": "text/x-python",
   "name": "python",
   "nbconvert_exporter": "python",
   "pygments_lexer": "ipython3",
   "version": "3.9.17"
  }
 },
 "nbformat": 4,
 "nbformat_minor": 5
}
